P1.01,32,F,1,0,0,1,44,CHK,0,-6,13,44,12,E
;46,F,1,1,0,21,52,CHK,0,-6,24,44,11,E
;48,F,1,22,0,33,52,CHK,0,-6,34,44,21,E
;49,F,1,55,0,33,52,CHK,0,-6,34,44,21,E
;50,F,1,88,0,33,52,CHK,0,-6,34,44,21,E
;51,F,1,121,0,33,52,CHK,0,-6,34,44,21,E
;52,F,1,154,0,33,52,CHK,0,-6,34,44,21,E
;53,F,1,187,0,33,52,CHK,0,-6,34,44,21,E
;54,F,1,220,0,33,52,CHK,0,-6,34,44,21,E
;55,F,1,0,52,33,52,CHK,0,-6,34,44,21,E
;56,F,1,33,52,33,52,CHK,0,-6,34,44,21,E
;57,F,1,66,52,33,52,CHK,0,-6,34,44,21,E
;58,F,1,99,52,21,52,CHK,0,-6,24,44,11,E
;